id,name,display,url
1696078,sukhada,sukhada,https://api.github.com/users/sukhada
66924041,yousabu,yousabu,https://api.github.com/users/yousabu
74971347,MathisGD,MathisGD,https://api.github.com/users/MathisGD
91143053,BR-Junior,BR-Junior,https://api.github.com/users/BR-Junior
60825784,predictcrypto,predictcrypto,https://api.github.com/users/predictcrypto
102357035,kazukimikami,kazukimikami,https://api.github.com/users/kazukimikami
46447321,allcontributors[bot],allcontributors,https://api.github.com/users/allcontributors[bot]
41898282,github-actions[bot],github-actions,https://api.github.com/users/github-actions[bot]
21972349,sozysozbot,sozysozbot,https://api.github.com/users/sozysozbot
17869732,moiify,moiify,https://api.github.com/users/moiify
37043957,Callithrix-omics,Callithrix-omics,https://api.github.com/users/Callithrix-omics
22376627,datho7561,datho7561,https://api.github.com/users/datho7561
90624848,ofzlo,ofzlo,https://api.github.com/users/ofzlo
98659638,edwardzuniga,edwardzuniga,https://api.github.com/users/edwardzuniga
32714304,0xcadams,0xcadams,https://api.github.com/users/0xcadams
41898282,github-actions[bot],github-actions,https://api.github.com/users/github-actions[bot]
111369888,Mahalderk,Mahalderk,https://api.github.com/users/Mahalderk
5146167,markbush,markbush,https://api.github.com/users/markbush
34882892,balena-ci,balena-ci,https://api.github.com/users/balena-ci
12437240,chengzhong001,chengzhong001,https://api.github.com/users/chengzhong001
39814207,pull[bot],pull,https://api.github.com/users/pull[bot]
75855221,fathozt,fathozt,https://api.github.com/users/fathozt
90800936,ibrahimalangri,ibrahimalangri,https://api.github.com/users/ibrahimalangri
102809970,InonAngel98,InonAngel98,https://api.github.com/users/InonAngel98
111434456,DmytroKova,DmytroKova,https://api.github.com/users/DmytroKova
5981249,brianway,brianway,https://api.github.com/users/brianway
41898282,github-actions[bot],github-actions,https://api.github.com/users/github-actions[bot]
23216921,adamsorbie,adamsorbie,https://api.github.com/users/adamsorbie
21071133,justbecoder,justbecoder,https://api.github.com/users/justbecoder
28898909,dislbenn,dislbenn,https://api.github.com/users/dislbenn
